id	label	x	y	cluster	weight<Links>	weight<Total link strength>	weight<tfidf>	weight<Occurrences>	score<pageranks>
1	易	1.1161	-0.1765	2	14	23.3824	0.0067	7	0.0014
2	夫布	1.1853	0.0996	2	30	52.0408	0.0029	4	0.0026
3	歸	0.3742	-0.1674	2	33	52.5359	0.0034	4	0.0021
4	畝	1.2831	-0.2167	2	26	43.5787	0.0044	12	0.0022
5	率	1.159	-0.2365	2	47	80.0062	0.0031	4	0.0036
6	餘	1.0887	-0.1135	2	55	92.7458	0.002	5	0.0042
7	征	1.1195	0.0905	2	29	49.7106	0.0026	3	0.0025
8	夫	1.2115	0.0692	2	26	44.3209	0.0044	8	0.0023
9	百	1.1576	-0.3081	2	39	67.9082	0.0093	17	0.0031
10	民	1.0068	-0.3283	2	26	42.2204	0.0122	18	0.0021
11	萊	1.009	-0.1365	2	39	64.2149	0.0015	4	0.0029
12	地	1.1057	-0.337	2	39	68.1356	0.0099	19	0.0031
13	家	1.2076	-0.099	2	38	63.6166	0.0102	17	0.003
14	三百	0.9495	-0.2263	2	50	85.5558	0.0015	3	0.0038
15	五十	1.1631	-0.3478	2	39	67.4532	0.0015	4	0.0031
16	九州	-1.0721	-0.7394	1	9	14.6052	0.0034	4	0.0011
17	郊	-1.048	-0.4771	1	21	35.2838	0.0055	8	0.0016
18	社	-0.984	-0.7546	1	14	24.7323	0.0128	26	0.0015
19	左傳	-0.7981	-0.5898	1	28	45.0454	0.0047	7	0.0021
20	犂	-0.9253	-0.6957	1	17	29.1026	0.0022	4	0.0017
21	封	-0.9242	-0.7365	1	16	27.8359	0.004	5	0.0016
22	神	-0.9311	-0.6439	1	22	36.9899	0.005	7	0.002
23	句龍	-1.013	-0.7338	1	14	24.4664	0.0023	5	0.0015
24	祀	-0.9799	-0.5541	1	31	50.6165	0.0085	12	0.0023
25	后土	-1.0045	-0.669	1	16	27.9546	0.0112	26	0.0016
26	爾雅	0.9763	0.3185	2	42	67.6543	0.0053	5	0.0035
27	布	1.1631	0.2441	2	21	35.7153	0.0022	5	0.0019
28	職	1.1745	0.1952	2	24	41.7858	0.0137	30	0.0022
29	耕	1.0063	0.2084	2	17	28.9824	0.002	4	0.0016
30	重	0.8601	0.2662	2	24	40.1914	0.0037	6	0.002
31	旨	0.6914	0.0733	2	44	70.7393	0.0016	3	0.003
32	貢	1.2167	0.2177	2	24	41.6095	0.0023	4	0.0022
33	八	1.1442	0.3472	2	36	59.9367	0.0077	17	0.0033
34	少	0.9106	0.0466	2	29	47.6437	0.0077	6	0.0024
35	稅	1.0207	-0.014	2	33	56.1024	0.007	8	0.0028
36	康誥	0.7472	0.2057	2	38	61.7359	0.002	3	0.0027
37	異	0.8745	0.1252	2	32	50.4113	0.0107	20	0.0023
38	獨	0.9668	0.101	2	39	64.7731	0.0028	4	0.0031
39	掌	1.0824	0.203	2	36	60.6783	0.0033	4	0.003
40	計	1.1508	-0.0886	2	50	85.1335	0.0013	3	0.0039
41	賦	1.2036	0.164	2	25	42.8415	0.0089	12	0.0022
42	閭	1.0439	0.2233	2	54	89.5904	0.0036	3	0.0044
43	適	0.9819	-0.0115	2	64	104.9656	0.0031	3	0.0048
44	治	0.8387	0.0257	2	48	77.2201	0.0038	4	0.0036
45	稃	1.0974	0.3068	2	46	75.9854	0.0029	3	0.0038
46	族師	0.8775	0.1859	2	46	75.8735	0.002	3	0.0035
47	族	1.146	0.1746	2	51	84.146	0.003	2	0.0041
48	鎬京	-0.5243	0.3001	1	102	170.9762	0.0046	3	0.0051
49	紂	-0.8659	0.4245	1	54	91.5837	0.0028	4	0.0029
50	曲禮	-0.8548	0.0021	1	37	60.8442	0.0012	2	0.0022
51	號	-0.7019	0.2771	1	118	195.8033	0.0044	4	0.0059
52	備	-0.1303	-0.0165	1	86	141.0069	0.0045	5	0.0044
53	並	0.1289	0.3248	1	78	126.9596	0.0037	4	0.0043
54	生	-0.4328	0.4185	1	82	133.9644	0.0029	4	0.0042
55	攝	-0.8227	0.5815	1	25	41.2784	0.0026	3	0.0015
56	取	0.3666	0.3085	2	73	117.3426	0.0037	3	0.0045
57	賢	-0.3857	0.1196	1	89	147.7135	0.0039	5	0.0045
58	師保	-0.6344	0.4145	1	68	111.8249	0.0024	3	0.0035
59	還	-0.8268	-0.2108	1	70	117.3659	0.0061	5	0.0037
60	經	-0.2698	-0.1588	1	90	150.4504	0.0037	5	0.0047
61	心	-0.0264	0.2318	1	87	141.5802	0.0024	4	0.0045
62	黃帝	-0.251	0.2909	1	95	158.2882	0.0029	3	0.005
63	狗	-0.4043	-0.0669	1	127	212.2514	0.0037	3	0.0064
64	周公	-0.9216	0.5037	1	47	76.5037	0.0124	15	0.0026
65	先師	-0.7161	-0.1746	1	57	90.8301	0.0068	5	0.0031
66	錯	0.1043	0.1543	1	76	123.5551	0.0035	5	0.004
67	成王	-0.7703	0.5091	1	36	59.5778	0.007	7	0.0021
68	三公	-0.7123	0.6262	1	39	63.5381	0.0024	3	0.0026
69	妃	-0.7196	0.1019	1	58	93.752	0.0018	3	0.003
70	訟	-0.3021	0.1274	1	72	115.8794	0.0044	3	0.0039
71	孝	0.3457	0.2492	2	86	140.1007	0.0018	3	0.0051
72	史記	-0.6379	0.1104	1	103	170.8821	0.0006	1	0.0051
73	尚書	-0.5142	-0.0858	1	74	121.1922	0.0089	14	0.0037
74	辛亥	-0.2399	0.4361	1	56	91.6248	0.001	3	0.0031
75	道	0.0766	0.2554	1	63	100.9441	0.0049	6	0.0033
76	常禮	-0.2849	0.0031	1	124	208.0835	0.0011	1	0.0063
77	時	-0.9061	0.2685	1	74	119.4098	0.0293	62	0.0037
78	明文	-0.808	-0.0722	1	51	83.8429	0.0019	3	0.0028
79	案	0.2968	0.144	2	71	114.8117	0.0027	5	0.004
80	杜子春	-0.1632	0.2035	1	91	149.9275	0.0036	4	0.0046
81	兆	0.0185	0.1344	1	79	129.3822	0.0027	3	0.0041
82	毛詩傳	-0.5537	0.0183	1	112	185.7436	0.0052	3	0.0056
83	公子	-0.9752	0.5566	1	31	52.2084	0.0015	3	0.0019
84	亡	-0.475	-0.2549	1	82	132.9772	0.0026	4	0.0042
85	昏禮	-0.3997	0.0018	1	135	226.3562	0.0012	1	0.0068
86	尚書緯	-0.4376	0.1613	1	129	217.878	0.0046	3	0.0065
87	螳蜋	0.0163	-0.0924	2	46	72.7461	0.0031	3	0.003
88	歌	-0.7422	0.0042	1	75	122.0714	0.0046	5	0.0037
89	禫	-0.4322	-0.2237	1	71	117.2112	0.0027	3	0.0037
90	終	-0.2719	0.1373	1	109	180.6817	0.0025	4	0.0055
91	誅	-0.6337	0.2158	1	106	175.5226	0.0032	4	0.0052
92	禹	-0.6655	-0.182	1	52	83.1221	0.0039	6	0.0027
93	姜嫄	-0.6886	0.0827	1	62	101.5624	0.0018	3	0.0032
94	法度	-0.4416	0.2188	1	123	206.3199	0.0012	1	0.0062
95	禦	-0.5652	0.2441	1	18	28.8976	0.0016	3	0.0012
96	箋	-0.7391	0.1657	1	55	90.8136	0.0071	10	0.003
97	祭祀	-0.2309	-0.1839	1	86	141.525	0.0034	3	0.0044
98	忠信	-0.8854	0.3665	1	53	86.7975	0.0042	4	0.0028
99	責	0.093	0.0851	1	97	159.5677	0.0024	3	0.0051
100	善	-0.6103	0.1655	1	103	170.4479	0.003	3	0.0051
101	晉	-0.8999	0.15	1	41	67.1935	0.0034	4	0.0024
102	正月	-0.5869	0.1169	1	95	156.7331	0.0035	3	0.0049
103	兩	-0.5575	-0.0633	1	119	195.5781	0.0039	4	0.0059
104	堪輿	-0.1391	0.5194	1	49	82.5502	0.0003	1	0.0029
105	近	-0.4217	0.5176	1	53	85.7203	0.0036	5	0.003
106	厭	-0.3634	0.5281	1	52	86.0655	0.001	3	0.0031
107	樂記	-0.7907	0.4187	1	63	105.367	0.0009	1	0.0033
108	王者	-0.9626	0.2113	1	69	112.6428	0.0044	4	0.0036
109	請	-0.4723	-0.0495	1	51	80.4778	0.0038	6	0.0027
110	執	-0.3219	-0.1397	1	109	180.2597	0.0042	3	0.0055
111	代	-0.4864	-0.2218	1	87	142.5812	0.0022	3	0.0046
112	寢	-0.2598	-0.0242	1	81	133.6709	0.0023	3	0.0041
113	嚳	-0.9067	-0.1592	1	52	87.3178	0.0018	3	0.0029
114	處	-0.3072	0.0706	1	102	168.1523	0.0037	4	0.0051
115	世	-0.3788	0.0518	1	95	158.9379	0.0038	4	0.0048
116	論語注	-0.2742	0.0376	1	122	204.7277	0.0024	1	0.0062
117	崩	-0.6937	0.2012	1	93	153.5872	0.0038	3	0.0046
118	行露	-0.6301	0.2707	1	115	193.8249	0.0045	3	0.0058
119	序	-0.2552	0.1031	1	101	166.4273	0.004	4	0.005
120	祥	-0.4461	0.0583	1	97	160.8872	0.003	3	0.0049
121	改	-0.5235	0.1095	1	114	189.919	0.005	5	0.0057
122	承	-0.6811	0.4052	1	79	130.9727	0.0029	3	0.004
123	間	-0.3183	0.3941	1	73	117.741	0.0059	6	0.0037
124	正	-0.497	0.0378	1	90	146.8611	0.0123	15	0.0044
125	罪	-0.1482	0.3136	1	86	139.5374	0.0041	4	0.0044
126	歸藏	-0.1129	0.1362	1	90	148.6511	0.0009	1	0.0046
127	祈	-0.3136	-0.0549	1	88	143.541	0.0033	3	0.0044
128	關雎	-0.9654	0.456	1	39	64.6493	0.0015	3	0.0022
129	先公	-0.8046	0.4712	1	40	65.5454	0.0017	3	0.0023
130	七月	-0.7463	-0.0403	1	91	149.8579	0.0027	3	0.0045
131	衰	-0.38	0.3193	1	87	141.8201	0.0068	5	0.0043
132	頌	-0.5352	0.3376	1	91	148.5464	0.0033	2	0.0046
133	左	-0.6014	0.4391	1	79	130.2079	0.0031	3	0.004
134	喪禮	-0.4964	0.2476	1	86	139.5787	0.0012	1	0.0044
135	志	-0.229	0.0437	1	125	211.4593	0.0038	3	0.0064
136	文武	-0.8529	-0.0763	1	80	133.231	0.0045	4	0.0041
137	太平	-0.9278	0.4048	1	52	86.7017	0.0016	2	0.0028
138	厲王	-0.6544	0.0053	1	90	145.9593	0.0027	3	0.0045
139	武王	-0.8683	0.11	1	96	156.9039	0.0049	7	0.0048
140	右	-0.8359	0.2456	1	79	129.8019	0.0034	4	0.0042
141	疾	-0.5746	-0.1339	1	98	160.6747	0.0029	4	0.0049
142	會	-0.6665	-0.0855	1	120	200.1638	0.004	4	0.006
143	政	-0.726	0.3416	1	81	132.8897	0.0042	5	0.004
144	春秋	-0.4319	-0.1187	1	88	143.0392	0.0078	10	0.0045
145	麟趾	-0.8246	0.3704	1	58	97.2676	0.001	2	0.0031
146	述	-0.7341	0.3892	1	79	133.0616	0.0052	4	0.0041
147	連山	-0.0544	0.1277	1	92	152.406	0.0009	1	0.0047
148	記	-0.5894	0.0374	1	112	185.9697	0.0071	4	0.0056
149	后稷	-0.8628	-0.1934	1	57	95.1567	0.0031	3	0.0031
150	孔子	-0.5817	-0.0166	1	93	153.023	0.0051	6	0.0046
151	禹貢	0.4922	0.2821	2	29	49.2331	0.0005	1	0.0026
152	咫	1.0165	0.4893	2	18	30.247	0.0021	7	0.002
153	廣	0.9771	0.4907	2	17	28.4458	0.0028	7	0.0019
154	南	0.6455	0.2649	2	31	51.8356	0.0019	3	0.0028
155	種	1.1325	-0.0186	2	35	57.8366	0.0015	5	0.0028
156	二	1.0628	0.3704	2	35	58.4133	0.014	38	0.0034
157	古	0.8346	0.5033	2	16	27.5518	0.0087	12	0.0018
158	尺	1.056	0.4814	2	17	28.7257	0.0024	8	0.0019
159	田矢	1.1309	0.5671	2	13	21.0202	0.0025	3	0.0016
160	夷	0.9199	0.3086	2	32	52.3941	0.0051	5	0.0031
161	狄	0.9514	0.381	2	18	28.8863	0.0018	4	0.002
162	誤	1.0067	0.5232	2	18	30.5754	0.0017	4	0.002
163	四	1.101	0.2434	2	33	55.3596	0.0095	32	0.0031
164	蠻	0.985	0.36	2	19	30.4018	0.0021	4	0.002
165	積畫	0.9771	0.4597	2	16	26.6084	0.0009	3	0.0018
166	寸	1.0085	0.4524	2	16	26.6083	0.0027	9	0.0018
167	幅	0.913	0.4675	2	21	35.8648	0.0042	5	0.0022
168	矰矢	0.9676	0.5239	2	20	31.9144	0.0025	3	0.0021
169	閑	1.1862	-0.0086	2	34	56.4273	0.0015	5	0.0028
170	三年	-0.3539	-0.2864	1	57	94.8129	0.0034	5	0.0032
171	年	0.1579	-0.1075	2	10	16.08	0.006	11	0.0013
172	月	-0.3654	-0.1705	1	37	60.8237	0.0076	12	0.0022
173	夫人	-0.6097	-0.2445	1	71	116.5885	0.0052	5	0.0036
174	欲	-0.6153	-0.6021	1	29	46.1063	0.0059	9	0.002
175	穀梁傳	-0.1613	-0.2264	1	57	91.5427	0.0007	1	0.0033
176	宮	-0.5019	-0.1893	1	70	114.6331	0.0049	4	0.0038
177	公羊傳	-0.0774	-0.0297	1	45	71.82	0.0018	2	0.0027
178	祖	-0.8353	-0.409	1	35	58.2955	0.0122	17	0.0023
179	卒	-0.4136	-0.4422	1	21	34.1874	0.003	4	0.0014
180	主	-0.5408	-0.4221	1	30	48.2532	0.0124	18	0.0019
181	嫁	-0.5833	-0.2937	1	31	50.8286	0.0043	4	0.0018
182	異義	-0.4474	-0.2813	1	75	124.3612	0.0017	2	0.0039
183	哭	-0.4742	-0.4121	1	46	73.8735	0.0061	7	0.0026
184	父	-0.3698	-0.3255	1	37	60.1045	0.0094	13	0.0022
185	殯	-0.0655	-0.3367	1	26	42.3105	0.0039	5	0.0018
186	國語	-0.3771	-0.3689	1	68	109.558	0.0043	3	0.0037
187	天地	-0.5411	0.057	1	54	85.4147	0.0065	5	0.0029
188	閏月	-0.1252	-0.2109	1	31	50.4496	0.0027	4	0.002
189	令	-0.4567	-0.5384	2	53	84.6246	0.0049	4	0.0034
190	禮	-0.1372	-0.2972	2	20	31.6693	0.0269	56	0.0016
191	禘祫	-0.2583	-0.278	1	28	45.2749	0.0034	4	0.0018
192	閏	0.0509	-0.1124	2	28	45.4131	0.0021	3	0.0021
193	父母	-0.2814	-0.221	1	85	137.4643	0.0024	3	0.0043
194	傳	-0.3691	-0.0385	1	68	110.1662	0.0075	8	0.0036
195	衛	-0.1523	-0.323	1	62	100.8067	0.0071	6	0.0034
196	葬	-0.1018	-0.3034	1	21	34.3484	0.0072	10	0.0015
197	母	-0.5527	-0.3634	1	14	22.9017	0.0072	10	0.0011
198	酒	0.2868	-0.5726	2	6	9.8865	0.007	9	0.0014
199	盛	0.1239	-0.6125	2	7	11.0525	0.0034	3	0.0016
200	物	0.4485	-0.3839	2	9	14.3086	0.0075	9	0.0015
201	實	0.5124	-0.1961	2	40	64.0408	0.0074	8	0.003
202	沙	0.0756	-0.6634	2	10	15.9081	0.003	3	0.0019
203	字	0.2105	-0.5946	2	8	14.4458	0.003	3	0.0019
204	解	0.2256	-0.6335	2	7	12.5321	0.0069	7	0.0018
205	明堂	-0.9893	-0.3154	1	28	46.8054	0.0098	10	0.0018
206	禘	-1.0363	-0.2064	1	31	52.9088	0.0055	7	0.002
207	上帝	-0.8986	-0.4484	1	57	94.4782	0.0022	3	0.0036
208	月令	-0.9104	-0.5649	1	30	49.9166	0.0035	5	0.0023
209	五帝	-0.8892	-0.2678	1	57	95.9721	0.0032	3	0.0032
210	天	-0.7447	-0.3832	1	41	69.0219	0.0042	5	0.0026
211	祭法	-0.5724	-0.5182	1	31	49.3362	0.0032	5	0.0023
212	配	-1.0518	-0.2591	1	26	45.2861	0.0102	12	0.0018
213	祖道	-0.8107	-0.2915	1	61	100.154	0.0044	3	0.0034
214	祭	-1.0055	-0.4322	1	22	37.0371	0.0259	44	0.0017
215	春	-0.7425	-0.0911	1	75	122.5733	0.003	3	0.004
216	帝	-1.0213	-0.2833	1	28	48.743	0.0048	6	0.0019
217	夏	-0.411	0.6497	1	25	41.948	0.0106	17	0.0019
218	陰陽	-0.3241	0.6688	1	23	39.8907	0.0024	4	0.0018
219	交會	-0.2465	0.7179	1	20	34.4275	0.001	3	0.0016
220	陽	-0.2623	0.7917	1	15	25.8837	0.001	3	0.0013
221	二月	-0.3805	0.831	1	15	25.3787	0.003	4	0.0014
222	庚午	-0.1856	0.478	1	34	55.4455	0.001	3	0.0021
223	晚	-0.2915	0.7045	1	26	45.019	0.002	3	0.002
224	陰	-0.3435	0.8184	1	13	22.7217	0.001	3	0.0012
225	癸	-0.2938	0.7711	1	15	25.959	0.001	3	0.0013
226	十月	-0.3264	0.7236	1	24	41.4893	0.0023	3	0.0018
227	周禮	-0.6199	0.833	1	13	21.4078	0.0081	11	0.0016
228	藏	-0.4189	0.6041	1	33	55.7278	0.0027	4	0.0022
229	早	-0.4004	0.7026	1	27	45.2781	0.0036	5	0.0019
230	觀	-0.0187	0.4032	2	39	61.7547	0.0038	4	0.0025
231	雅	-0.8985	0.5668	1	34	56.1817	0.0065	7	0.002
232	化	-1.011	0.4303	1	34	57.4378	0.0043	6	0.002
233	德	-0.9721	0.5124	1	34	57.413	0.0086	9	0.002
234	致	-1.076	0.4252	1	31	52.1626	0.0054	10	0.0019
235	詩	-0.9339	0.3085	1	33	53.7804	0.0148	16	0.0019
236	麟	-1.0215	0.518	1	27	45.4201	0.0015	3	0.0017
237	專	-0.6986	0.5517	1	22	35.263	0.0051	6	0.0014
238	信厚	-1.0477	0.4812	1	24	40.4756	0.0026	5	0.0015
239	文王	-1.0707	0.2347	1	45	74.0904	0.0117	15	0.0025
240	召公	-0.8608	0.5928	1	22	35.6596	0.006	6	0.0014
241	興	-0.8142	0.2938	1	54	86.205	0.01	11	0.0028
242	風	-0.858	0.5251	1	38	63.8802	0.0082	7	0.0022
243	畿	0.9072	-0.3808	2	35	60.4251	0.0085	11	0.0029
244	乘	1.1163	-0.2425	2	34	57.7909	0.0027	5	0.0028
245	豳	0.6803	-0.0837	2	36	57.6213	0.0031	4	0.0026
246	侯	0.8684	-0.1245	2	22	36.8124	0.0079	11	0.002
247	爵	0.4834	-0.5139	2	21	34.0301	0.0083	13	0.0022
248	虞	0.7722	-0.3684	2	40	67.2171	0.0032	5	0.0032
249	定陶	0.8934	-0.2493	2	46	78.646	0.0019	3	0.0036
250	十	1.1284	-0.3708	2	40	69.9467	0.0026	4	0.0032
251	除	0.341	-0.2742	2	59	95.6099	0.0022	3	0.0036
252	論	0.7939	-0.3227	2	50	83.8471	0.0026	4	0.0038
253	里	0.9872	-0.3897	2	42	72.9392	0.0134	26	0.0034
254	外	0.54	-0.2439	2	73	120.0414	0.0037	3	0.0047
255	卿	0.9406	-0.161	2	36	59.1744	0.0052	9	0.0028
256	居	0.7828	-0.4899	2	19	30.5582	0.0036	8	0.0016
257	王城	0.9182	-0.3531	2	37	63.559	0.0046	7	0.003
258	男	0.8266	-0.2873	2	48	81.2849	0.0057	7	0.0038
259	縣	0.9988	-0.2921	2	45	77.515	0.0026	5	0.0036
260	牧	0.7423	0.1164	2	30	49.2826	0.0029	3	0.0027
261	方	1.0351	-0.3767	2	44	76.1889	0.0036	6	0.0035
262	箕子	0.7249	-0.3324	2	24	40.3475	0.0032	3	0.0021
263	埰	1.0355	-0.297	2	45	78.0199	0.0018	3	0.0036
264	伯	0.8438	-0.0429	2	16	26.4971	0.0125	17	0.0016
265	共	0.844	-0.0779	2	63	102.0868	0.0018	4	0.0045
266	內	0.8558	-0.4202	2	31	53.5326	0.0084	12	0.0026
267	州	0.7578	0.0502	2	32	52.1482	0.0046	4	0.0027
268	國	0.8675	-0.4838	2	31	52.1946	0.0128	26	0.0025
269	賜	0.8404	-0.3836	2	30	48.2027	0.0039	4	0.0023
270	半	0.745	-0.2414	2	45	76.3257	0.0019	3	0.0034
271	四百	0.9017	-0.2916	2	41	70.0083	0.0037	5	0.0033
272	遷	-0.6147	-0.1994	1	25	39.5928	0.0075	7	0.0019
273	筮	-1.0084	-0.0567	1	7	12.5838	0.0039	6	0.0009
274	卜	-1.0254	-0.0262	1	8	14.2325	0.0057	8	0.001
275	吉	-0.9127	0.0388	1	16	26.9522	0.0017	3	0.0014
276	常人	-0.9547	-0.0455	1	12	20.6638	0.0027	3	0.0012
277	小	0.0601	-0.17	1	37	58.02	0.0039	4	0.0022
278	禮記	0.1784	-0.0752	1	38	59.9161	0.0089	9	0.0022
279	思	0.2084	-0.0113	2	74	121.1867	0.002	3	0.0041
280	王制	0.2168	-0.4998	2	18	29.2478	0.0048	7	0.002
281	禮數	0.171	0.1686	1	12	18.8227	0.0011	1	0.001
282	設	0.0439	-0.2162	1	46	75.12	0.0042	6	0.0026
283	例	0.1693	0.0615	2	64	104.6348	0.0062	4	0.0036
284	常	-0.059	0.2472	1	71	116.8584	0.0043	5	0.0039
285	周	0.0322	-0.3713	1	19	31.218	0.0201	33	0.0014
286	奠	-0.0154	-0.2896	1	40	64.9952	0.0031	4	0.0024
287	下室	-0.0364	-0.3599	1	31	50.6763	0.0035	4	0.002
288	滅	-0.4615	0.1148	1	27	43.447	0.0035	5	0.0018
289	諸侯	0.3439	-0.4087	2	19	29.4326	0.0171	30	0.0016
290	事	-0.5921	0.3833	1	14	21.7165	0.0193	36	0.0011
291	假	-0.0396	-0.1296	1	36	56.5007	0.0021	3	0.002
292	天子	0.6872	-0.187	2	34	53.57	0.0128	22	0.0027
293	界	0.563	0.4327	2	12	21.7698	0.0042	5	0.0015
294	兗州	0.5946	0.3954	2	11	19.2621	0.0026	5	0.0014
295	播	0.6104	0.3523	2	11	19.1521	0.0016	3	0.0013
296	河	0.5924	0.3264	2	11	19.1224	0.0022	3	0.0013
297	大陸	0.5602	0.3131	2	10	17.2298	0.0021	4	0.0012
298	徒	0.5115	0.1218	2	53	85.1814	0.0024	3	0.0037
299	九河	0.5724	0.3653	2	14	24.3914	0.0016	3	0.0016
300	西	0.7255	0.0861	2	29	46.9045	0.0039	5	0.0025
301	東	0.7265	0.1811	2	29	48.3563	0.0042	6	0.0027
302	分	0.7035	0.2717	2	16	27.9797	0.0065	13	0.0019
303	北	0.7053	0.3099	2	15	26.8261	0.0054	7	0.0018
304	小雅	-0.1821	-0.4909	2	8	12.9898	0.0039	3	0.0011
305	沈齊	0.2371	-0.4728	2	12	20.2676	0.0024	3	0.0021
306	澄	0.2739	-0.6034	2	6	10.3328	0.0068	8	0.0015
307	眾	-0.2699	-0.4833	2	45	72.2122	0.0064	5	0.0031
308	殷	-0.2449	-0.3546	1	25	40.671	0.0128	18	0.0016
309	聘禮	0.3762	-0.0539	2	50	81.3716	0.0007	1	0.0032
310	法	-0.0722	-0.4031	1	14	22.3934	0.0114	17	0.0011
311	節	-0.0042	0.3057	1	45	73.0691	0.0024	3	0.0026
312	禮運	0.2259	-0.4497	2	6	10.3158	0.0017	2	0.0013
313	今	0.6225	-0.1918	2	18	28.3863	0.018	42	0.0018
314	馬	1.1895	-0.0677	2	37	62.0838	0.0021	7	0.003
315	司馬法	1.0166	-0.2272	2	41	69.8732	0.0006	2	0.0033
316	匹	1.229	-0.0629	2	30	50.0095	0.0024	8	0.0025
317	甸	1.212	-0.161	2	35	60.2254	0.0022	7	0.0029
318	別	0.7973	-0.168	2	5	7.6097	0.0037	5	0.0007
319	制	0.242	-0.0829	2	8	12.7515	0.0109	20	0.0012
320	禮典	0.4143	-0.0079	2	8	13.3592	0.0008	1	0.0014
321	數	0.3778	0.0363	2	5	7.9133	0.0143	27	0.0009
322	朝	0.1822	-0.1665	2	8	13.236	0.0133	17	0.0011
323	須	0.0357	-0.019	2	44	71.5082	0.0036	3	0.0027
324	視	0.4257	0.0281	2	27	44.9872	0.0037	5	0.002
325	積	0.5161	0.2012	2	17	28.3973	0.0031	4	0.0014
326	埋	-0.7476	-0.3022	1	24	38.0624	0.003	3	0.0015
327	定	-0.7373	-0.5199	1	32	51.8277	0.0095	13	0.0022
328	特	0.441	0.2286	2	14	23.4905	0.0019	3	0.0013
329	孤	0.6678	-0.0172	2	28	46.1686	0.0041	6	0.0022
330	秦	-0.7708	-0.5567	1	26	43.0012	0.0035	3	0.002
331	告	-0.8149	-0.5443	1	20	33.2243	0.0021	5	0.0017
332	度	0.7756	0.4411	2	13	22.3562	0.0015	4	0.0016
333	小國	0.5243	0.0311	2	15	25.7031	0.0039	5	0.0014
334	五	0.834	0.095	2	15	23.6451	0.0125	25	0.0016
335	使	0.7184	-0.0777	2	14	22.2068	0.0041	7	0.0013
336	君	0.6679	-0.2747	2	19	30.9888	0.011	18	0.0017
337	土	-0.9661	-0.6644	1	15	25.9916	0.0038	7	0.0015
338	大祖	0.0747	-0.4386	2	11	18.9565	0.0025	3	0.0017
339	始	0.0563	-0.5843	2	7	12.4309	0.0053	8	0.0013
340	大夫	0.4518	-0.4787	2	11	17.4853	0.0054	11	0.0014
341	別子	0.1861	-0.5741	2	7	12.6939	0.0053	7	0.0014
342	廟	0.1693	-0.5493	2	8	14.1095	0.0115	13	0.0014
343	公	0.5718	-0.4338	2	7	11.037	0.0075	8	0.0009
344	立	-0.053	-0.5271	2	8	14.155	0.0079	9	0.0013
345	巡守	0.7429	0.2623	2	17	28.2746	0.0049	5	0.0022
346	六	1.0483	0.1614	2	15	24.0311	0.0094	22	0.0016
347	典禮	0.6437	0.1272	2	5	8.1403	0.0008	1	0.001
348	餰	-0.7069	0.8938	1	2	3.3045	0.0031	4	0.0006
349	酏	-0.7301	0.8764	1	2	3.3071	0.0039	5	0.0006
350	功	-0.323	-0.7949	2	6	10.3061	0.0018	3	0.0011
351	命	-0.8327	-0.4657	1	8	12.9101	0.0111	16	0.0008
352	畿服	0.6988	0.1738	2	8	12.4613	0.0017	3	0.0013
353	吳	-0.6017	0.2924	1	6	9.8199	0.0027	6	0.0007
354	廢	-0.331	0.1981	1	4	6.3494	0.008	7	0.0006
355	軍	-0.1903	-0.766	2	7	11.9381	0.0034	4	0.0013
356	獻	-0.1933	-0.7864	2	7	12.1807	0.0053	9	0.0013
357	師	-0.2689	-0.7988	2	6	10.363	0.0071	8	0.0012
358	樂	-0.2288	-0.6561	2	8	13.1873	0.0101	13	0.0012
359	矢人	1.1535	0.6119	2	3	5.1534	0.0008	1	0.0007
